   3.2471406e-01  -9.8748395e-02   9.0000000e-01
   1.8480757e-01   1.0659684e-01   1.0000000e-01
  -4.3082672e-01   1.4493902e-02   9.0000000e-01
   1.9109655e-01  -3.0782243e-01   9.0000000e-01
   1.8610350e-02   2.8148689e-01   9.0000000e-01
  -3.5152320e-02   6.3966511e-03   9.0000000e-01
  -5.7956109e-03   1.7887516e-01   1.0000000e-01
   2.7164650e-02   1.8269006e-01   1.0000000e-01
   8.7626968e-02  -1.3599404e-01   9.0000000e-01
   4.0117375e-03   8.1467486e-02   9.0000000e-01
   3.1260381e-01   7.8084295e-02   9.0000000e-01
   2.1581525e-01   2.1554772e-01   9.0000000e-01
  -1.9109655e-01   3.0782243e-01   1.0000000e-01
  -2.1581525e-01  -2.1554772e-01   1.0000000e-01
  -4.0474187e-02   2.4261426e-02   9.0000000e-01
   1.0664269e-01  -1.1392613e-01   9.0000000e-01
   2.3927383e-01  -2.6438905e-01   9.0000000e-01
  -2.2181906e-01  -3.6522379e-02   9.0000000e-01
  -3.3145518e-01   3.8360853e-02   1.0000000e-01
   3.8801492e-02  -1.4604992e-02   1.0000000e-01
  -1.5767439e-01   2.0570531e-01   9.0000000e-01
  -6.1276367e-02  -1.8030003e-01   9.0000000e-01
  -6.3057314e-02  -3.8003800e-01   9.0000000e-01
  -3.8801492e-02   1.4604992e-02   9.0000000e-01
  -6.4055258e-02   1.5477881e-01   1.0000000e-01
   3.0342927e-02  -5.6778210e-02   1.0000000e-01
  -4.0117375e-03  -8.1467486e-02   1.0000000e-01
  -5.9102695e-03   3.7945823e-01   1.0000000e-01
   4.2687065e-01  -9.2605176e-02   1.0000000e-01
  -1.3248830e-01   1.3080071e-02   1.0000000e-01
  -3.2725025e-01  -2.1228305e-02   1.0000000e-01
   3.6194393e-01   2.0073533e-01   1.0000000e-01
  -1.9863052e-01  -3.4338207e-01   9.0000000e-01
   3.2725025e-01   2.1228305e-02   9.0000000e-01
   3.3105321e-01  -3.1065990e-01   1.0000000e-01
   2.6060738e-01   3.0663939e-01   1.0000000e-01
  -7.2675596e-02  -7.5068444e-02   1.0000000e-01
  -3.1572657e-01  -2.5865983e-01   9.0000000e-01
  -1.2813646e-01  -1.5601137e-01   9.0000000e-01
  -1.3500146e-01   3.4239130e-01   1.0000000e-01
   1.3201121e-01   3.6800194e-01   1.0000000e-01
   1.8771089e-01  -1.7030361e-01   1.0000000e-01
   2.1439920e-02  -6.6748241e-02   1.0000000e-01
  -3.1260381e-01  -7.8084295e-02   1.0000000e-01
  -1.0664269e-01   1.1392613e-01   1.0000000e-01
   5.4878033e-02   8.2103220e-02   9.0000000e-01
   3.1572657e-01   2.5865983e-01   1.0000000e-01
   1.9863052e-01   3.4338207e-01   1.0000000e-01
   1.0482144e-01   4.9551991e-02   9.0000000e-01
  -7.8422746e-02   2.5903110e-01   9.0000000e-01
   4.0868633e-01  -1.6972903e-01   1.0000000e-01
   2.2181906e-01   3.6522379e-02   1.0000000e-01
   4.3082672e-01  -1.4493902e-02   1.0000000e-01
   3.9784290e-02  -3.4893524e-02   1.0000000e-01
  -3.7650944e-01   2.4326312e-01   9.0000000e-01
  -9.5350500e-02  -1.7142389e-01   9.0000000e-01
  -3.6194393e-01  -2.0073533e-01   9.0000000e-01
   1.5767439e-01  -2.0570531e-01   1.0000000e-01
  -2.7819845e-01   2.1378917e-01   1.0000000e-01
   1.2697898e-01   1.0383604e-02   9.0000000e-01
   9.8908937e-03  -7.5188854e-02   1.0000000e-01
  -2.3050264e-01   3.8761964e-03   9.0000000e-01
  -7.0099559e-02  -2.7916436e-01   1.0000000e-01
  -1.2697898e-01  -1.0383604e-02   1.0000000e-01
   2.5563120e-01   1.7668567e-01   9.0000000e-01
  -3.9746094e-01  -1.3453047e-01   9.0000000e-01
  -2.1439920e-02   6.6748241e-02   9.0000000e-01
  -8.9598770e-02  -6.4181043e-02   1.0000000e-01
   1.3500146e-01  -3.4239130e-01   9.0000000e-01
  -3.2471406e-01   9.8748395e-02   1.0000000e-01
  -2.3927383e-01   2.6438905e-01   1.0000000e-01
   2.2501640e-01  -8.9044377e-02   1.0000000e-01
   3.9746094e-01   1.3453047e-01   1.0000000e-01
   1.7047549e-01   2.4599331e-01   9.0000000e-01
   3.7650944e-01  -2.4326312e-01   1.0000000e-01
  -3.7012824e-02  -8.5344994e-02   1.0000000e-01
   1.2966370e-01  -6.3984721e-02   9.0000000e-01
  -1.0482144e-01  -4.9551991e-02   1.0000000e-01
  -1.5836734e-01  -1.3425562e-01   9.0000000e-01
   2.3170358e-01  -4.6200760e-02   1.0000000e-01
  -1.9833784e-02  -8.5012788e-02   1.0000000e-01
  -2.3170358e-01   4.6200760e-02   9.0000000e-01
   1.3351501e-01  -3.8162698e-02   9.0000000e-01
  -4.0868633e-01   1.6972903e-01   9.0000000e-01
   2.3050264e-01  -3.8761964e-03   1.0000000e-01
  -2.2501640e-01   8.9044377e-02   9.0000000e-01
   1.2091479e-01  -2.3570819e-01   1.0000000e-01
  -2.7349594e-01   3.6951445e-01   9.0000000e-01
  -5.4878033e-02  -8.2103220e-02   1.0000000e-01
   2.0630123e-01   7.3716548e-02   1.0000000e-01
   5.7956109e-03  -1.7887516e-01   9.0000000e-01
  -2.0630123e-01  -7.3716548e-02   9.0000000e-01
  -3.1433150e-02   2.7457851e-01   9.0000000e-01
  -2.6060738e-01  -3.0663939e-01   9.0000000e-01
   9.5350500e-02   1.7142389e-01   1.0000000e-01
  -1.7047549e-01  -2.4599331e-01   1.0000000e-01
  -1.8771089e-01   1.7030361e-01   9.0000000e-01
   3.3145518e-01  -3.8360853e-02   9.0000000e-01
   1.2131342e-01   2.6732166e-01   9.0000000e-01
  -3.3105321e-01   3.1065990e-01   9.0000000e-01
  -4.2079268e-01  -6.2035340e-02   9.0000000e-01
  -1.3351501e-01   3.8162698e-02   1.0000000e-01
  -2.1030347e-01   1.3091833e-01   9.0000000e-01
   3.6518148e-02  -1.6934678e-01   9.0000000e-01
  -1.8480757e-01  -1.0659684e-01   9.0000000e-01
   3.6456113e-02  -4.5940470e-02   1.0000000e-01
  -3.6456113e-02   4.5940470e-02   9.0000000e-01
   1.9833784e-02   8.5012788e-02   9.0000000e-01
   5.9102695e-03  -3.7945823e-01   9.0000000e-01
   6.1276367e-02   1.8030003e-01   1.0000000e-01
  -8.7626968e-02   1.3599404e-01   1.0000000e-01
  -3.0688369e-01   1.5790789e-01   1.0000000e-01
   3.0000000e-02  -0.0000000e+00   1.0000000e-01
  -7.2635598e-02   3.6664912e-01   1.0000000e-01
  -1.3201121e-01  -3.6800194e-01   9.0000000e-01
   1.2813646e-01   1.5601137e-01   1.0000000e-01
  -1.2071477e-01   8.9578955e-02   1.0000000e-01
   1.5836734e-01   1.3425562e-01   1.0000000e-01
  -2.7164650e-02  -1.8269006e-01   9.0000000e-01
   2.7349594e-01  -3.6951445e-01   1.0000000e-01
   7.8422746e-02  -2.5903110e-01   1.0000000e-01
   6.4055258e-02  -1.5477881e-01   9.0000000e-01
   3.7012824e-02   8.5344994e-02   9.0000000e-01
   2.1030347e-01  -1.3091833e-01   1.0000000e-01
  -2.8835350e-01  -1.3042680e-01   1.0000000e-01
  -3.0342927e-02   5.6778210e-02   9.0000000e-01
   6.3057314e-02   3.8003800e-01   1.0000000e-01
   3.0688369e-01  -1.5790789e-01   9.0000000e-01
   2.7819845e-01  -2.1378917e-01   9.0000000e-01
  -9.8908937e-03   7.5188854e-02   9.0000000e-01
   4.0474187e-02  -2.4261426e-02   1.0000000e-01
   1.3248830e-01  -1.3080071e-02   9.0000000e-01
  -1.2131342e-01  -2.6732166e-01   1.0000000e-01
   3.5152320e-02  -6.3966511e-03   1.0000000e-01
   1.2071477e-01  -8.9578955e-02   9.0000000e-01
  -2.5563120e-01  -1.7668567e-01   1.0000000e-01
  -4.2687065e-01   9.2605176e-02   9.0000000e-01
  -1.2091479e-01   2.3570819e-01   9.0000000e-01
  -3.6518148e-02   1.6934678e-01   1.0000000e-01
   1.1753384e-01   3.1467056e-02   9.0000000e-01
  -1.8610350e-02  -2.8148689e-01   1.0000000e-01
   4.2079268e-01   6.2035340e-02   1.0000000e-01
  -1.2966370e-01   6.3984721e-02   1.0000000e-01
   7.2635598e-02  -3.6664912e-01   9.0000000e-01
   7.0099559e-02   2.7916436e-01   9.0000000e-01
   8.9598770e-02   6.4181043e-02   9.0000000e-01
   3.1433150e-02  -2.7457851e-01   1.0000000e-01
   7.2675596e-02   7.5068444e-02   9.0000000e-01
  -1.1753384e-01  -3.1467056e-02   1.0000000e-01
  -3.9784290e-02   3.4893524e-02   9.0000000e-01
   2.8835350e-01   1.3042680e-01   9.0000000e-01
  -3.0000000e-02   0.0000000e+00   9.0000000e-01